gaindeviation = 7.824660e+00
centralfreqdev = 1.845310e+01
