gaindevlin = -5.80710e-01
f_deviation = 8.101943e+00
