Units for the values: V, mA, kOhm and mS


Values:  
R1 = 1.01949191994 
R2 = 2.05054429461 
R3 = 3.09286027724 
R4 = 4.12838973576 
R5 = 3.06635427647 
R6 = 2.01254230153 
R7 = 1.00502981701 
Va = 5.24204797361 
Id = 1.01905568201 
Kb = 7.23185131759 
Kc = 8.12820254987 

