

Units for the values: V, mA, kOhm, mS and uF


Values: 
R1 = 1.00392179279 
R2 = 2.09230428526 
R3 = 3.01450576329 
R4 = 4.08124279929 
R5 = 3.13574656382 
R6 = 2.040685743 
R7 = 1.04877495761 
Vs = 5.2118647343 
C = 1.03992357407 
Kb = 7.1666188767 
Kd = 8.12198231195 



95789
