lco = 1.820223e+01
uco = 2.325664e+06
threshold = 3.383972e+01
re(gain) = -6.93594e+01
im(gain) = 3.307309e+00
abs(gain) = 6.943826e+01
re(zin) = 7.886928e+02
im(zin) = -1.23706e+02
abs(zin) = 7.983355e+02
