lco = 8.720161e+00
uco = 3.124184e+06
threshold = 3.090396e+01
re(gain) = -4.95109e+01
im(gain) = 1.791996e+00
abs(gain) = 4.954330e+01
re(zin) = 9.670826e+02
im(zin) = -1.47157e+02
abs(zin) = 9.782146e+02
