gain_deviation = 5.059000e-02
avgcof = 9.918981e+02
f_deviation = 8.101943e+00
zin = 8.999808e+02,-7.23563e+02
